2+2;
A=[1 2 3;4 5 6;7 8 9];
x=1:2:10;
A(1:2,2:3);
x.^2;
B=[1 2 3;4 5 6;7 8 9];
A*B;
A.*B;
